10,256
10,294
10,194
10,134
10,298
10,152
11,5
11,22
11,6
11,12
11,30
8,9
8,16
8,7
20,3
20,2
20,1
19,3
19,2
19,1
12,3
12,2
12,1
11,28
11,21
11,17
11,16
11,15
11,14
11,13
11,3
11,2
11,1
10,232
10,212
10,208
18,1
10,200
10,170
18,3
10,162
10,114
14,1
10,90
10,3
14,3
10,2
13,1
10,1
9,7
9,6
9,4
9,3
13,3
9,2
9,1
8,18
8,14
8,13
8,11
8,8
8,6
8,5
8,3
8,2
8,1
3,3
3,2
3,1
2,3
2,2
2,1
0,472
0,0
75,34
75,33
75,32
75,31
75,30
75,29
75,28
75,27
75,26
75,25
75,24
75,23
75,22
75,21
75,20
75,19
75,18
75,17
75,16
