3,2
3,1
3,3
10,16
10,168
10,234
10,122
10,226
10,248
10,22
10,308
11,29
11,25
8,8
8,10
8,9
8,2
8,3
14,20
14,19
14,18
14,17
14,16
14,15
14,14
14,10
14,9
14,8
14,7
14,6
14,5
14,2
14,0
12,3
12,2
12,1
11,30
11,28
11,27
11,26
11,24
11,23
11,22
11,21
11,20
11,19
11,18
11,17
11,16
11,15
11,14
11,13
11,12
11,11
11,10
11,8
11,7
11,6
11,5
11,4
11,3
11,2
11,1
10,317
10,311
10,297
10,296
10,286
10,275
10,260
20,2
20,1
10,257
20,3
10,237
10,233
10,232
10,229
19,2
19,1
10,222
19,3
10,220
10,208
10,201
10,197
10,179
10,162
10,161
10,160
10,155
10,151
10,149
10,142
10,135
10,125
10,120
10,114
10,107
10,106
10,85
10,84
10,79
10,76
18,1
10,67
10,31
18,3
10,30
14,1
10,29
10,19
10,3
14,3
13,1
10,2
